0.9546828125
0.962853125
0.93778125
0.947378125
0.946275
0.9539015625
0.9495359375
0.955290625
0.9629453125
0.963634375
0.9680796875
0.95666875
0.9501734375
0.95688125
0.9637
0.96374375
0.9598328125
0.9595578125
0.962678125
0.9648578125
0.95788125
0.96275625
0.96654375
0.947996875
0.9599359375
0.9578203125
0.9555546875
0.9574
0.9613328125
0.9519640625
0.9653515625
0.954834375
0.9522609375
0.956146875
0.961646875
0.9629484375
0.9582046875
0.9516609375
0.9690921875
0.9547234375
0.9645390625
0.9551640625
0.9397359375
0.96724375
0.9673859375
0.9606328125
0.94455625
0.9685015625
0.947825
0.9663734375
0.9426765625
0.9566515625
0.945296875
0.962040625
0.9538890625
0.964690625
0.9466328125
0.9639609375
0.9606578125
0.9617453125
0.9487484375
0.96606875
0.95743125
0.947828125
0.9614359375
0.9498359375
0.96186875
0.9560375
0.9632671875
0.9645828125
0.9673734375
0.9531828125
0.9509671875
0.95655625
0.9632546875
0.9629859375
0.9496203125
0.9605578125
0.96420625
0.9565296875
0.9585359375
0.958315625
0.94874375
0.9661515625
0.9616828125
0.9559953125
0.95481875
0.9597265625
0.95488125
0.96019375
0.9634703125
0.959459375
0.9633265625
0.9611078125
0.9569375
0.955990625
0.966065625
0.9576546875
0.957040625
0.95508125
