0.8946421875
0.9044421875
0.9228046875
0.917475
0.9019765625
0.91720625
0.93588125
0.9300234375
0.9266125
0.88395
0.93024375
0.949265625
0.93019375
0.952603125
0.9368453125
0.9496
0.941878125
0.9330828125
0.9554515625
0.96091875
0.9318828125
0.9452859375
0.9312546875
0.9302140625
0.9418
0.9362125
0.9222625
0.9431515625
0.9396453125
0.944240625
0.9534375
0.9430578125
0.956890625
0.945415625
0.935940625
0.94440625
0.9451359375
0.9485015625
0.9398609375
0.945371875
0.92850625
0.9291296875
0.9503546875
0.950021875
0.960946875
0.9090453125
0.946009375
0.950478125
0.9407125
0.958896875
0.9389515625
0.9547546875
0.9386484375
0.926059375
0.9383421875
0.9238765625
0.9289296875
0.9332890625
0.9399390625
0.946965625
0.9409234375
0.9387546875
0.9471953125
0.9425078125
0.9351765625
0.931184375
0.9327890625
0.92804375
0.940634375
0.94560625
0.9449546875
0.9464078125
0.947246875
0.92960625
0.933565625
0.9323875
0.924846875
0.934715625
0.9432109375
0.9311734375
0.93425
0.9126078125
0.9496234375
0.9362875
0.9394609375
0.964425
0.9259296875
0.9264234375
0.93183125
0.9317734375
0.9278453125
0.9519
0.934253125
0.9275140625
0.9423671875
0.935075
0.9367734375
0.930915625
0.935115625
0.944090625
