0.89465
0.922890625
0.9097109375
0.8989625
0.9087203125
0.92401875
0.9296328125
0.9287671875
0.927696875
0.947415625
0.9270015625
0.9528453125
0.92715
0.943390625
0.9328765625
0.9323375
0.9555296875
0.9664640625
0.92930625
0.9423328125
0.94545
0.9437875
0.963690625
0.9564265625
0.95349375
0.9554265625
0.9516390625
0.9412296875
0.9443171875
0.94205625
0.9420578125
0.949971875
0.937875
0.9327375
0.9401265625
0.9620546875
0.9380921875
0.9587265625
0.953775
0.94386875
0.9538875
0.945265625
0.9452265625
0.9397078125
0.956328125
0.9366953125
0.9499
0.9351328125
0.9212421875
0.9459890625
0.935453125
0.956959375
0.945159375
0.9430453125
0.9339640625
0.9439453125
0.9469078125
0.948475
0.936509375
0.9433359375
0.9542234375
0.922996875
0.9408296875
0.9235859375
0.9345015625
0.954646875
0.943396875
0.9392328125
0.93055
0.9451140625
0.936409375
0.930659375
0.92309375
0.9289078125
0.9341609375
0.9450875
0.9390328125
0.9408328125
0.9317671875
0.932934375
0.9421921875
0.9347625
0.945634375
0.929715625
0.9198359375
0.932625
0.9247953125
0.938534375
0.9429828125
0.9454953125
0.931315625
0.9388140625
0.9435515625
0.9280390625
0.9275546875
0.944109375
0.9343765625
0.9306984375
0.933821875
0.936259375
